s1.bmp 1 0 0 100 100
s10.bmp 1 0 0 100 100
s100.bmp 1 0 0 100 100
s101.bmp 1 0 0 100 100
s102.bmp 1 0 0 100 100
s103.bmp 1 0 0 100 100
s104.bmp 1 0 0 100 100
s105.bmp 1 0 0 100 100
s106.bmp 1 0 0 100 100
s107.bmp 1 0 0 100 100
s108.bmp 1 0 0 100 100
s109.bmp 1 0 0 100 100
s11.bmp 1 0 0 100 100
s110.bmp 1 0 0 100 100
s111.bmp 1 0 0 100 100
s112.bmp 1 0 0 100 100
s113.bmp 1 0 0 100 100
s114.bmp 1 0 0 100 100
s115.bmp 1 0 0 100 100
s116.bmp 1 0 0 100 100
s117.bmp 1 0 0 100 100
s118.bmp 1 0 0 100 100
s119.bmp 1 0 0 100 100
s12.bmp 1 0 0 100 100
s120.bmp 1 0 0 100 100
s121.bmp 1 0 0 100 100
s122.bmp 1 0 0 100 100
s123.bmp 1 0 0 100 100
s124.bmp 1 0 0 100 100
s125.bmp 1 0 0 100 100
s126.bmp 1 0 0 100 100
s127.bmp 1 0 0 100 100
s128.bmp 1 0 0 100 100
s129.bmp 1 0 0 100 100
s13.bmp 1 0 0 100 100
s130.bmp 1 0 0 100 100
s131.bmp 1 0 0 100 100
s132.bmp 1 0 0 100 100
s133.bmp 1 0 0 100 100
s134.bmp 1 0 0 100 100
s135.bmp 1 0 0 100 100
s136.bmp 1 0 0 100 100
s137.bmp 1 0 0 100 100
s138.bmp 1 0 0 100 100
s139.bmp 1 0 0 100 100
s14.bmp 1 0 0 100 100
s140.bmp 1 0 0 100 100
s141.bmp 1 0 0 100 100
s142.bmp 1 0 0 100 100
s143.bmp 1 0 0 100 100
s144.bmp 1 0 0 100 100
s145.bmp 1 0 0 100 100
s146.bmp 1 0 0 100 100
s147.bmp 1 0 0 100 100
s148.bmp 1 0 0 100 100
s149.bmp 1 0 0 100 100
s15.bmp 1 0 0 100 100
s150.bmp 1 0 0 100 100
s151.bmp 1 0 0 100 100
s152.bmp 1 0 0 100 100
s153.bmp 1 0 0 100 100
s154.bmp 1 0 0 100 100
s155.bmp 1 0 0 100 100
s156.bmp 1 0 0 100 100
s157.bmp 1 0 0 100 100
s158.bmp 1 0 0 100 100
s159.bmp 1 0 0 100 100
s16.bmp 1 0 0 100 100
s160.bmp 1 0 0 100 100
s161.bmp 1 0 0 100 100
s162.bmp 1 0 0 100 100
s163.bmp 1 0 0 100 100
s164.bmp 1 0 0 100 100
s165.bmp 1 0 0 100 100
s17.bmp 1 0 0 100 100
s18.bmp 1 0 0 100 100
s19.bmp 1 0 0 100 100
s2.bmp 1 0 0 100 100
s20.bmp 1 0 0 100 100
s21.bmp 1 0 0 100 100
s22.bmp 1 0 0 100 100
s23.bmp 1 0 0 100 100
s24.bmp 1 0 0 100 100
s25.bmp 1 0 0 100 100
s26.bmp 1 0 0 100 100
s27.bmp 1 0 0 100 100
s28.bmp 1 0 0 100 100
s29.bmp 1 0 0 100 100
s3.bmp 1 0 0 100 100
s30.bmp 1 0 0 100 100
s31.bmp 1 0 0 100 100
s32.bmp 1 0 0 100 100
s33.bmp 1 0 0 100 100
s34.bmp 1 0 0 100 100
s35.bmp 1 0 0 100 100
s36.bmp 1 0 0 100 100
s37.bmp 1 0 0 100 100
s38.bmp 1 0 0 100 100
s39.bmp 1 0 0 100 100
s4.bmp 1 0 0 100 100
s40.bmp 1 0 0 100 100
s41.bmp 1 0 0 100 100
s42.bmp 1 0 0 100 100
s43.bmp 1 0 0 100 100
s44.bmp 1 0 0 100 100
s45.bmp 1 0 0 100 100
s46.bmp 1 0 0 100 100
s47.bmp 1 0 0 100 100
s48.bmp 1 0 0 100 100
s49.bmp 1 0 0 100 100
s5.bmp 1 0 0 100 100
s50.bmp 1 0 0 100 100
s51.bmp 1 0 0 100 100
s52.bmp 1 0 0 100 100
s53.bmp 1 0 0 100 100
s54.bmp 1 0 0 100 100
s55.bmp 1 0 0 100 100
s56.bmp 1 0 0 100 100
s57.bmp 1 0 0 100 100
s58.bmp 1 0 0 100 100
s59.bmp 1 0 0 100 100
s6.bmp 1 0 0 100 100
s60.bmp 1 0 0 100 100
s61.bmp 1 0 0 100 100
s62.bmp 1 0 0 100 100
s63.bmp 1 0 0 100 100
s64.bmp 1 0 0 100 100
s65.bmp 1 0 0 100 100
s66.bmp 1 0 0 100 100
s67.bmp 1 0 0 100 100
s68.bmp 1 0 0 100 100
s69.bmp 1 0 0 100 100
s7.bmp 1 0 0 100 100
s70.bmp 1 0 0 100 100
s71.bmp 1 0 0 100 100
s72.bmp 1 0 0 100 100
s73.bmp 1 0 0 100 100
s74.bmp 1 0 0 100 100
s75.bmp 1 0 0 100 100
s76.bmp 1 0 0 100 100
s77.bmp 1 0 0 100 100
s78.bmp 1 0 0 100 100
s79.bmp 1 0 0 100 100
s8.bmp 1 0 0 100 100
s80.bmp 1 0 0 100 100
s81.bmp 1 0 0 100 100
s82.bmp 1 0 0 100 100
s83.bmp 1 0 0 100 100
s84.bmp 1 0 0 100 100
s85.bmp 1 0 0 100 100
s86.bmp 1 0 0 100 100
s87.bmp 1 0 0 100 100
s88.bmp 1 0 0 100 100
s89.bmp 1 0 0 100 100
s9.bmp 1 0 0 100 100
s90.bmp 1 0 0 100 100
s91.bmp 1 0 0 100 100
s92.bmp 1 0 0 100 100
s93.bmp 1 0 0 100 100
s94.bmp 1 0 0 100 100
s95.bmp 1 0 0 100 100
s96.bmp 1 0 0 100 100
s97.bmp 1 0 0 100 100
s98.bmp 1 0 0 100 100
s99.bmp 1 0 0 100 100